SM:2023-10-26T09:30:24.5018893Z
LM:2023-10-26T09:30:25.1660987Z
CT:image/png
MA:604800
CL:149346
