SM:2023-10-20T11:05:11.6131971Z
LM:2023-10-20T11:05:13.2362412Z
CT:image/jpeg
MA:604800
CL:120793
